195
129
162
128
73
184
52
78
109
120
165
120
122
105
150
188
175
172
136
52
167
186
32
83
6
52
193
69
36
63
102
94
98
191
193
145
26
110
3
180
172
18
191
146
127
152
23
9
76
86
177
29
80
189
54
80
195
108
167
138
122
161
2
188
160
34
116
17
84
87
75
100
49
165
105
40
112
15
119
4
61
17
106
39
73
173
13
163
0
53
88
39
53
65
90
96
62
102
77
181
120
85
105
72
159
191
70
129
17
131
144
21
17
109
119
31
95
159
98
167
128
32
22
23
127
122
127
30
20
20
146
111
124
11
91
185
172
8
159
14
41
27
33
20
56
145
105
107
159
183
128
188
190
26
138
144
4
150
152
43
89
172
102
166
127
128
41
19
77
48
47
62
22
33
95
183
182
53
2
194
21
58
80
188
157
141
83
25
34
103
33
59
65
128
157
151
185
105
75
143
12
44
89
195
53
156
177
153
152
22
5
46
134
106
115
29
43
71
110
83
104
100
68
193
143
165
173
157
181
37
17
6
177
98
147
49
68
94
6
5
75
25
89
143
117
10
183
142
160
179
144
97
158
21
159
165
56
188
171
125
95
104
157
56
28
56
123
102
142
98
193
184
25
142
68
179
159
132
120
190
30
74
84
70
30
45
189
172
21
108
20
88
25
62
137
77
86
18
112
71
147
188
136
53
58
144
101
16
178
102
107
191
98
30
176
120
134
159
156
113
29
5
140
107
78
110
57
141
179
181
31
90
162
59
101
146
79
60
163
6
64
132
111
3
49
133
169
51
63
107
120
90
131
56
105
119
111
34
99
114
66
116
158
175
63
168
89
38
159
92
114
125
87
190
113
89
34
188
191
6
23
136
40
89
46
25
89
101
76
152
24
178
114
158
180
130
139
136
31
140
117
142
120
26
68
195
77
56
54
62
19
6
1
105
137
120
131
163
187
190
108
120
164
134
28
28
90
39
161
153
67
125
155
108
190
147
110
97
104
154
173
63
155
195
189
67
180
176
48
180
35
157
18
108
6
79
184
125
192
3
154
151
190
177
160
78
33
151
144
139
86
37
85
151
24
134
88
147
175
133
71
133
23
191
21
8
14
143
20
16
118
77
179
120
163
119
50
85
134
64
33
166
125
40
56
150
35
109
36
61
3
8
16
76
124
24
173
34
4
54
195
179
75
97
46
42
69
19
71
132
11
189
71
54
97
18
148
20
29
123
14
194
28
9
34
105
163
86
49
50
51
151
123
1
96
35
82
167
30
20
11
70
88
8
81
193
195
101
121
106
20
146
100
140
74
174
33
1
128
139
190
64
84
96
181
152
9
63
144
162
36
124
100
134
141
1
38
58
138
149
167
121
89
102
116
71
159
30
54
167
123
122
81
102
155
101
155
148
106
27
149
75
120
155
62
121
136
122
149
142
132
77
131
177
55
144
93
31
113
73
160
117
27
135
65
62
66
37
137
54
137
83
176
74
41
104
32
181
24
145
74
90
172
107
141
89
93
83
58
52
102
155
146
78
21
131
151
94
137
95
169
164
7
61
187
55
43
85
177
12
126
161
195
104
139
72
170
124
0
87
116
55
149
100
41
50
73
188
147
162
140
143
102
89
163
13
193
14
26
138
106
38
109
97
30
91
45
150
48
175
113
63
130
55
124
38
12
163
112
29
180
64
49
136
179
149
145
19
36
31
115
15
39
8
60
152
36
12
10
35
3
45
128
83
195
75
95
143
120
159
193
65
48
155
151
166
5
13
5
151
171
177
48
163
13
155
76
183
53
147
155
74
169
139
100
47
63
195
153
59
195
179
92
156
183
77
108
193
24
19
58
195
63
165
137
87
3
35
186
174
115
3
103
99
164
127
149
22
94
57
89
105
174
18
194
62
57
136
27
180
84
55
49
97
0
151
64
20
31
174
86
186
192
153
33
5
12
66
120
119
146
100
48
16
51
118
172
147
17
114
35
172
33
77
80
24
22
57
135
177
190
2
77
163
55
148
134
47
138
11
150
47
60
83
85
139
136
6
0
59
119
76
2
168
103
106
17
44
137
156
20
79
82
85
3
187
29
137
71
136
162
130
123
132
140
71
194
139
115
150
103
174
141
40
48
10
161
127
63
111
5
123
85
180
191
104
123
41
104
28
144
8
109
160
18
86
98
113
81
189
181
44
157
189
55
177
101
120
98
98
167
14
111
48
160
138
34
54
64
56
184
175
90
116
179
111
175
11
16
67
191
97
87
23
120
175
33
135
182
75
87
68
105
168
150
137
81
66
134
64
116
180
127
124
169
90
120
18
75
50
168
118
73
65
167
130
153
162
21
35
115
63
134
64
75
166
32
79
97
177
89
20
96
104
122
143
173
54
112
51
58
115
45
170
167
30
78
102
47
42
138
173
97
13
53
66
129
92
24
93
26
44
191
109
126
162
104
3
167
163
136
79
62
167
128
82
3
13
131
56
143
163
68
74
181
139
190
102
55
45
120
30
193
44
41
86
62
60
135
170
122
5
160
93
116
83
1
21
122
143
8
29
176
33
168
114
51
28
36
36
84
85
160
189
140
143
182
58
42
75
49
178
177
143
28
26
195
53
3
69
193
151
45
34
191
67
183
176
191
195
92
24
43
23
123
178
122
70
191
64
114
37
171
162
81
29
119
175
77
75
45
154
158
29
52
139
168
137
96
41
116
57
148
73
30
46
146
131
100
115
98
21
132
148
81
11
131
165
44
169
169
91
90
30
142
3
62
96
131
108
96
26
96
17
62
48
71
61
8
76
174
178
48
12
73
160
137
55
7
80
52
48
149
193
60
11
4
18
139
116
119
27
176
62
43
164
37
140
11
37
8
19
53
27
33
15
33
118
107
125
34
117
147
0
166
122
157
145
16
146
178
171
148
33
52
131
78
159
170
145
49
136
66
104
91
128
184
67
132
193
65
41
188
34
172
78
83
157
134
56
191
28
77
43
35
122
128
193
12
189
122
136
174
68
73
58
147
180
81
91
69
28
14
164
175
74
42
144
165
101
50
78
151
106
186
18
92
35
171
23
16
156
165
131
176
189
65
98
172
145
80
115
35
10
19
149
180
187
165
186
178
130
59
173
88
81
36
115
188
60
45
50
20
155
37
7
185
53
177
85
77
24
5
183
135
66
34
105
8
188
11
144
40
25
29
30
5
26
14
176
137
189
45
11
70
85
130
18
153
172
5
27
79
171
102
61
126
55
70
97
35
147
111
40
48
133
78
103
180
102
129
161
31
1
71
95
171
44
104
14
76
42
45
147
103
77
155
167
141
171
78
3
39
167
69
110
74
92
89
156
46
88
14
38
106
83
12
80
127
104
189
93
96
170
131
8
25
180
142
167
0
173
74
44
82
24
93
90
172
101
94
74
12
41
48
175
28
140
86
162
100
164
149
109
30
124
135
110
104
184
2
161
35
119
152
127
131
68
131
78
74
111
149
22
50
92
178
189
84
65
60
28
155
163
33
12
137
183
161
110
145
100
150
2
78
54
72
98
105
66
101
123
178
181
140
171
182
173
108
181
126
123
98
141
68
96
78
66
9
127
105
181
20
10
16
185
73
111
34
87
151
127
37
123
66
145
190
143
104
139
52
69
42
52
145
29
66
78
32
187
43
162
133
3
89
76
114
51
110
121
62
107
171
28
189
62
135
115
157
165
195
122
91
49
129
37
191
146
89
25
93
167
65
24
68
44
182
183
64
135
166
81
79
67
126
134
90
169
162
43
102
76
25
72
109
39
67
148
116
150
20
195
8
57
97
83
149
46
179
130
124
37
110
182
166
77
0
175
70
29
99
44
131
35
12
165
133
61
139
130
185
127
113
119
156
193
98
42
24
91
118
177
117
136
1
82
29
8
74
137
79
16
65
135
169
149
189
79
188
172
118
122
77
182
134
1
144
47
59
154
103
177
79
28
66
171
3
158
84
20
155
169
189
31
137
156
4
14
102
18
5
105
20
16
43
119
124
154
123
24
166
86
64
59
116
174
165
68
177
118
9
185
189
94
178
80
1
19
106
17
136
78
67
71
15
47
22
187
133
137
100
9
186
130
56
59
29
9
81
78
11
55
62
17
28
194
70
14
41
26
127
130
192
175
170
162
12
109
173
36
148
74
195
175
52
1
187
68
65
36
14
7
30
160
134
17
41
72
84
6
184
62
14
92
34
125
98
32
93
137
64
36
165
127
28
62
134
59
111
5
89
53
176
66
102
5
187
147
84
195
88
128
93
185
187
101
151
177
172
14
142
137
74
108
5
181
189
63
114
137
147
116
29
170
144
16
81
94
40
180
117
21
127
16
11
175
137
114
148
101
194
100
171
118
162
98
33
90
109
153
119
149
86
53
114
58
188
5
69
136
167
136
34
168
45
126
132
2
40
89
56
155
77
70
61
25
193
168
162
84
146
128
169
60
176
38
174
11
9
23
157
136
82
10
163
101
171
18
126
48
135
123
39
154
24
191
49
1
56
135
180
59
48
138
107
22
183
61
103
70
134
98
149
10
150
34
53
7
66
178
110
105
151
20
20
109
131
178
104
104
140
60
100
122
176
9
166
129
91
90
119
113
172
49
147
1
49
58
111
7
147
36
130
75
54
77
152
118
97
87
111
150
132
136
111
124
87
50
9
136
23
163
118
65
168
19
162
94
28
68
36
32
16
154
79
40
161
153
10
152
145
85
24
90
79
151
0
145
72
180
112
61
90
109
10
27
193
11
87
164
154
10
7
163
177
80
122
64
122
3
162
38
79
74
176
61
106
106
154
31
133
42
146
48
13
44
110
0
171
192
180
151
96
73
132
131
63
67
78
14
88
132
81
92
166
173
137
170
57
28
95
77
92
181
54
140
121
170
183
119
61
2
138
141
159
169
141
152
182
46
52
187
191
179
27
104
62
163
25
92
13
67
124
2
50
77
102
45
86
74
65
171
129
88
189
170
145
88
74
100
146
188
147
65
114
82
64
1
140
74
21
12
69
134
173
95
36
175
4
121
3
39
140
184
31
116
75
160
0
98
141
45
83
113
129
59
80
16
97
161
55
162
70
171
193
195
1
99
35
150
114
53
85
30
43
28
90
157
92
8
37
58
19
31
42
88
56
172
98
2
162
44
12
187
2
156
85
73
107
27
54
85
179
7
98
133
54
180
4
150
128
14
115
170
94
30
38
62
139
122
61
181
18
101
191
78
83
23
21
154
178
118
58
29
52
64
1
168
187
15
125
82
126
162
154
51
150
60
149
56
26
71
145
163
156
141
100
76
57
167
51
43
45
148
78
4
18
139
35
30
128
33
56
165
90
108
192
140
153
110
192
100
102
20
44
119
192
181
147
157
99
111
2
61
131
19
116
190
168
31
161
60
188
2
49
169
68
22
93
180
59
59
81
132
34
129
80
143
25
110
17
133
61
103
51
75
123
173
88
137
175
26
137
181
105
70
177
52
62
100
189
156
52
91
24
125
90
6
33
60
194
102
108
73
173
23
69
82
148
42
80
53
41
149
157
43
73
145
32
102
160
96
57
106
47
13
193
152
114
7
68
159
66
175
40
126
101
153
53
61
99
42
85
27
87
176
93
53
101
141
165
10
119
100
130
52
108
175
19
106
25
71
58
85
1
35
40
39
110
110
77
116
109
147
164
139
170
94
51
8
150
186
155
104
21
11
185
186
22
168
77
72
195
154
129
195
90
188
54
151
175
134
6
21
75
118
23
112
134
189
59
7
18
146
77
159
21
83
165
134
68
141
57
13
74
138
104
52
1
14
144
100
113
138
103
65
175
171
70
64
184
161
112
155
160
140
125
117
164
180
135
8
182
11
139
158
185
142
121
130
179
64
118
48
182
88
60
155
116
35
139
33
179
16
98
110
43
161
104
112
112
16
22
183
80
79
132
176
166
101
50
132
135
93
174
118
16
69
80
31
167
146
3
53
55
174
23
169
32
90
112
11
151
191
25
154
142
106
165
6
169
135
147
24
5
102
107
187
193
14
165
136
57
39
103
50
114
59
11
166
180
100
7
50
120
127
144
73
138
71
153
17
16
36
109
2
189
82
155
174
153
188
105
113
155
46
31
48
76
88
104
62
33
158
107
82
103
28
80
148
29
18
50
57
39
183
158
167
21
169
18
157
60
132
16
70
192
175
73
173
51
30
0
42
110
81
177
16
102
193
155
53
11
113
19
16
10
166
105
42
90
91
108
42
59
70
162
63
28
115
56
34
163
72
79
186
112
183
44
108
30
35
100
10
24
166
61
93
116
115
99
159
192
64
2
53
74
170
40
115
29
76
45
33
14
68
174
188
12
112
61
34
77
48
37
69
91
119
23
53
104
189
3
136
17
178
75
157
192
106
183
127
158
38
150
152
130
6
43
61
83
160
96
91
28
20
63
155
49
26
29
60
108
177
56
145
15
13
116
162
136
166
87
171
124
160
8
192
189
58
67
157
120
194
11
20
19
67
185
45
179
29
12
46
127
90
109
108
9
108
131
168
161
130
141
187
159
6
1
121
148
120
188
147
25
27
95
180
191
183
82
36
135
64
137
64
117
54
56
145
71
8
21
192
66
10
94
38
138
96
21
104
98
149
166
114
131
30
96
99
10
162
51
73
46
26
181
54
174
195
175
43
40
161
45
13
76
14
24
65
73
51
121
180
169
184
129
109
173
89
103
97
85
56
145
130
21
182
17
79
183
145
86
98
174
195
111
55
191
69
104
15
181
92
149
181
44
53
10
120
91
60
131
61
194
78
47
131
165
60
186
24
70
82
83
175
178
135
77
177
111
154
114
176
127
72
164
87
24
97
87
75
49
11
38
91
70
47
98
0
64
63
93
128
190
66
48
52
98
192
65
76
54
179
49
36
194
8
83
85
18
52
88
125
156
124
185
192
117
4
139
84
192
192
143
5
192
94
115
145
80
21
72
58
166
15
190
97
151
10
123
29
31
136
103
99
49
190
125
95
147
173
65
97
8
66
192
40
82
37
12
43
100
175
86
20
171
171
24
14
77
129
137
84
70
118
127
64
138
126
137
137
170
67
90
142
117
13
117
132
167
11
143
1
14
86
13
10
64
95
25
34
108
115
39
134
52
70
134
138
156
83
82
100
93
42
66
177
49
63
92
42
98
84
47
122
3
80
67
170
121
153
50
82
174
146
56
62
163
97
32
143
165
144
118
130
153
103
93
74
41
89
81
117
26
49
98
134
141
32
36
172
33
190
84
17
97
89
87
92
152
113
186
104
82
186
142
189
150
116
82
114
151
139
30
19
188
175
86
103
77
180
54
102
66
36
138
10
65
78
120
51
63
165
16
163
145
152
2
13
187
85
71
47
36
162
190
154
142
42
127
52
131
138
92
121
137
145
43
86
54
116
105
79
4
151
33
15
111
149
35
138
136
106
24
29
138
64
166
2
152
91
157
132
136
102
77
66
77
185
28
8
193
47
188
121
53
93
167
154
9
8
103
39
117
42
140
137
103
167
68
156
1
138
57
24
24
163
162
47
134
187
147
12
171
161
61
141
168
181
48
52
32
133
107
44
50
105
99
137
75
21
133
73
161
134
76
73
120
89
88
20
16
177
64
188
20
171
127
157
150
182
52
44
71
180
53
2
173
114
62
45
91
123
70
132
90
26
3
87
24
105
116
114
138
37
147
107
101
151
43
181
40
135
56
188
106
119
111
143
137
162
153
168
119
35
147
124
64
173
41
125
86
140
49
172
186
52
94
4
31
177
181
42
35
144
56
76
119
166
29
110
43
4
90
183
126
102
195
165
116
151
146
60
0
20
182
157
62
27
161
188
153
4
45
19
170
77
31
45
18
57
123
36
57
35
89
28
67
193
138
32
56
85
117
42
168
66
49
174
93
151
187
190
116
148
150
33
4
43
105
149
48
4
32
69
109
159
52
163
172
121
178
143
129
1
26
67
190
88
48
70
55
131
117
94
122
44
54
87
35
150
154
10
130
118
153
96
100
1
23
57
167
32
105
98
177
61
104
32
85
8
43
148
73
2
193
112
179
176
17
76
172
190
98
32
181
75
172
133
81
34
12
0
180
80
28
75
72
115
65
183
88
3
124
32
84
57
159
118
153
175
55
162
51
167
33
132
104
172
65
178
133
63
130
75
136
67
188
174
27
174
170
126
11
28
78
168
187
68
140
137
132
7
125
77
144
3
17
117
114
121
29
104
179
166
110
129
100
194
3
167
87
8
19
28
59
133
171
167
13
159
151
174
60
71
6
61
35
113
105
7
101
68
121
68
127
106
86
162
66
7
132
129
7
32
113
131
101
155
125
7
72
151
54
179
51
76
192
108
127
108
120
13
166
193
141
163
37
166
117
129
64
193
25
151
162
17
58
3
158
113
123
18
173
11
121
107
111
191
44
174
77
123
140
131
17
182
130
55
164
170
133
26
39
10
107
5
6
166
73
8
98
19
170
176
32
32
170
103
136
49
73
155
95
65
184
67
97
98
66
56
175
28
158
25
14
88
195
149
147
84
113
158
17
131
144
183
47
141
60
21
36
154
37
146
30
100
44
86
41
29
23
90
113
151
23
53
190
169
117
194
90
181
44
46
78
31
135
153
1
144
188
115
22
153
25
103
94
154
32
118
141
72
178
119
153
1
162
157
14
97
19
112
142
66
33
17
147
110
157
176
60
179
184
147
61
0
18
52
44
106
148
88
126
180
185
1
17
74
100
10
129
31
117
52
94
90
77
18
107
41
108
90
53
141
37
81
148
29
55
13
172
75
69
39
137
125
87
165
165
191
21
70
10
11
162
47
98
31
177
68
7
0
193
114
139
187
194
59
114
11
148
55
28
188
1
20
80
36
60
64
72
112
130
92
160
17
130
126
32
15
61
33
74
119
47
174
121
26
165
39
159
120
32
173
90
83
22
30
77
167
119
116
160
192
110
77
34
12
91
59
103
72
17
29
91
52
97
195
35
26
37
148
5
156
69
142
137
101
89
38
16
40
159
108
54
86
111
191
186
67
30
94
154
66
50
120
153
101
78
141
154
175
71
66
193
59
24
72
102
12
177
181
131
160
83
132
183
113
154
46
81
192
2
134
152
25
106
171
137
130
121
102
133
88
107
66
11
5
33
3
12
6
143
23
110
74
190
165
13
93
171
134
109
169
38
167
22
107
62
109
188
35
117
185
187
73
82
109
84
65
138
101
152
162
39
39
1
189
183
60
16
98
28
27
146
149
79
93
92
161
137
76
9
0
53
106
54
77
180
25
136
59
161
165
125
106
167
59
58
143
55
150
54
129
187
70
124
95
20
176
118
96
22
124
63
195
55
0
162
13
20
143
106
70
61
46
17
125
155
185
119
190
179
96
158
136
57
19
17
163
77
124
104
183
158
181
122
65
34
88
170
195
7
32
156
115
17
36
79
59
93
44
1
167
33
24
14
181
124
189
117
76
110
28
92
37
178
53
169
175
80
99
93
183
102
124
191
194
9
127
69
165
91
191
142
113
82
44
103
142
22
167
175
188
173
103
173
42
166
108
162
26
98
170
15
94
123
91
24
38
76
145
64
92
97
37
67
15
75
185
56
113
194
112
171
76
44
56
182
146
73
66
52
129
96
158
53
188
190
115
33
115
57
13
156
172
159
175
110
124
139
6
74
128
133
116
155
163
142
61
34
40
160
63
100
99
39
115
192
176
119
10
147
84
168
163
48
174
182
23
172
166
182
33
114
49
26
32
46
57
114
71
53
162
138
111
162
181
135
106
116
171
71
168
165
150
3
67
194
124
94
3
9
123
77
69
40
0
114
171
162
188
141
139
170
149
109
112
14
181
83
18
188
186
84
174
185
17
46
160
99
93
113
32
2
182
87
14
139
12
36
45
34
187
187
61
51
139
21
43
47
91
35
189
181
151
180
28
96
57
127
96
65
30
188
176
16
77
112
91
184
118
122
117
47
39
179
56
27
107
93
8
185
11
54
73
189
14
13
177
179
107
127
177
120
32
111
37
52
38
189
43
78
29
95
73
43
191
56
142
20
129
80
96
129
42
105
1
80
2
169
117
177
82
127
70
191
7
74
172
114
5
47
109
142
76
21
157
13
192
7
77
56
191
14
63
154
108
60
63
51
78
156
141
21
137
15
89
15
114
75
87
187
31
18
44
63
122
144
87
130
65
165
58
190
134
33
19
122
105
1
118
73
178
74
145
183
164
59
112
8
108
184
105
184
92
127
139
157
158
133
133
36
78
33
149
6
171
108
135
151
10
40
28
176
145
112
112
48
38
131
72
64
21
89
136
61
133
82
115
39
101
119
184
183
143
81
163
73
87
23
95
111
94
134
121
138
52
158
20
158
97
32
108
150
28
123
82
23
62
190
22
55
189
91
194
47
52
102
1
114
40
124
163
169
63
160
172
149
91
122
119
56
67
188
112
195
15
100
169
155
75
37
155
2
82
148
26
139
64
193
109
194
169
47
177
97
81
93
95
143
147
3
134
37
67
25
63
43
25
9
144
189
152
44
89
44
117
21
153
187
179
45
36
137
125
19
101
55
189
174
117
162
170
88
63
125
100
34
182
160
39
150
11
43
14
14
134
152
149
99
184
77
101
167
116
153
170
140
149
155
26
166
190
184
79
52
190
106
67
124
105
193
160
174
148
71
79
79
10
163
11
57
107
43
120
134
96
179
32
185
72
3
167
13
26
70
195
145
182
27
115
163
114
86
64
147
141
26
7
13
173
87
87
189
121
75
61
73
114
61
169
88
134
187
129
51
47
133
174
122
139
71
101
49
85
1
42
93
172
172
2
17
139
158
186
69
34
176
145
140
184
155
86
194
176
139
32
32
43
112
169
144
33
150
169
137
46
39
76
63
64
129
128
139
174
44
27
34
66
56
193
131
127
168
51
109
164
19
75
56
16
171
20
189
24
185
139
179
112
82
13
16
85
3
194
181
22
58
92
150
50
90
47
0
88
41
64
4
182
106
45
148
182
126
50
58
165
143
122
169
164
132
0
148
146
66
4
94
145
34
46
50
140
134
20
31
38
189
193
50
0
83
13
93
63
46
54
177
103
189
143
26
94
9
171
187
115
170
19
63
154
8
114
170
179
177
15
133
7
180
180
54
7
121
37
10
181
129
177
112
119
74
56
149
94
70
67
119
86
0
181
86
24
33
171
5
82
12
187
122
54
91
80
128
5
37
39
80
163
193
92
84
56
67
116
101
72
154
113
62
14
9
36
56
25
67
189
178
93
126
87
168
46
50
16
103
164
151
117
101
38
138
165
171
57
97
69
67
43
62
84
59
88
49
108
1
68
177
121
88
162
195
181
146
89
33
135
148
14
15
41
54
130
8
77
36
32
170
61
75
32
0
120
102
104
48
172
155
52
84
24
30
113
112
142
174
31
75
80
64
27
183
184
128
169
143
117
11
156
84
159
123
50
169
110
49
164
2
152
109
174
27
124
193
155
9
89
157
80
92
107
21
64
144
26
121
143
28
69
155
49
128
38
162
119
118
144
135
143
5
133
40
79
57
37
98
77
64
4
188
106
191
121
30
20
1
54
62
105
106
43
58
52
107
71
32
41
28
180
99
133
162
169
162
138
110
89
112
90
153
40
39
129
37
190
189
66
73
159
0
90
185
112
126
78
61
133
57
33
167
35
194
13
87
136
4
100
107
156
97
102
90
88
43
28
175
187
7
5
55
132
79
33
87
195
10
139
127
11
107
190
141
42
139
54
195
187
145
35
49
70
87
161
174
61
186
141
1
47
5
5
98
126
43
80
109
177
144
176
183
65
26
193
101
16
144
103
88
115
40
118
172
147
192
34
1
111
24
187
35
85
48
124
11
16
82
193
166
45
156
30
144
86
17
117
74
179
123
27
187
41
16
8
36
76
136
71
12
186
6
81
130
133
184
111
74
128
195
44
98
141
80
171
43
165
97
76
120
18
89
66
24
80
98
3
79
35
92
143
99
46
182
112
126
77
139
100
107
77
104
190
130
109
78
22
191
125
92
39
75
68
89
140
22
165
59
123
145
172
93
50
23
131
110
130
52
81
9
22
112
53
171
145
98
9
141
27
41
145
85
62
160
110
181
136
134
49
192
140
112
91
118
104
78
3
119
117
107
29
47
136
36
16
101
81
180
65
72
48
97
3
146
99
173
142
145
169
46
3
32
51
121
46
8
168
105
80
185
139
137
5
156
156
23
69
74
150
96
189
140
78
106
30
193
79
127
136
3
181
168
29
168
70
44
148
161
1
193
118
157
19
32
137
28
185
58
112
136
19
86
123
21
17
96
150
184
10
178
17
167
74
91
71
126
91
70
82
149
98
143
151
175
66
195
0
156
18
70
73
92
98
14
110
192
157
168
40
33
17
160
139
151
35
65
13
9
126
117
168
92
116
188
195
20
117
48
97
2
43
178
189
142
186
123
161
0
78
27
64
190
176
58
148
104
9
86
46
137
140
106
89
53
55
68
53
84
137
9
90
131
40
22
166
118
190
73
41
106
127
98
86
139
50
147
56
30
166
9
138
29
47
127
28
54
9
28
10
190
32
60
161
36
79
189
10
191
175
6
61
44
14
147
119
111
78
184
181
4
171
1
133
107
164
53
110
109
129
58
54
4
60
13
35
182
25
94
26
147
132
189
157
28
32
36
61
18
193
173
44
156
159
103
179
55
96
17
72
192
111
36
45
101
193
27
15
0
175
132
33
49
118
4
122
155
15
71
192
154
0
174
79
66
98
92
13
103
117
157
81
61
69
9
98
13
76
24
169
66
146
118
86
98
82
82
26
12
11
71
75
20
191
34
174
70
93
142
85
36
4
175
37
161
113
72
121
190
27
62
84
194
98
174
54
8
59
31
95
80
43
143
57
116
84
190
159
43
194
152
129
99
119
0
151
184
166
97
137
33
8
130
144
69
142
110
21
42
60
111
139
25
36
143
125
4
183
170
50
32
89
144
69
97
45
109
88
88
44
28
169
102
136
48
105
45
60
119
194
56
120
70
118
188
175
173
119
178
73
70
190
27
182
9
74
96
155
185
164
15
40
158
113
33
165
163
145
54
174
164
184
70
191
7
155
104
160
62
91
43
141
148
75
150
57
10
125
113
52
88
46
181
190
99
104
177
181
44
67
151
117
38
14
94
18
100
29
159
156
164
98
106
93
178
171
49
140
134
144
45
162
14
145
79
21
152
106
120
167
64
18
88
182
54
14
17
11
37
18
16
76
54
105
148
20
20
46
28
146
151
134
62
20
178
122
188
13
182
156
127
154
89
50
195
71
149
149
111
87
121
165
94
6
129
61
67
191
101
134
163
151
40
29
170
34
63
138
32
77
149
46
87
162
194
142
112
159
58
145
17
17
98
97
115
93
48
134
66
33
181
52
90
148
156
77
82
167
127
85
113
116
172
28
65
136
63
78
29
80
77
10
25
163
75
11
108
19
193
162
99
120
76
81
42
176
66
2
82
43
106
149
89
146
48
90
144
126
71
18
163
69
78
0
156
148
75
43
88
166
108
47
152
180
170
169
47
34
89
55
55
22
58
23
51
185
167
35
160
113
150
61
93
15
105
142
1
83
94
109
105
92
61
180
117
61
69
130
150
182
23
39
188
173
193
169
172
77
149
59
83
10
12
55
136
60
4
12
134
36
72
98
35
22
69
104
188
174
192
10
164
38
21
77
99
72
73
141
44
65
103
15
100
137
87
46
183
143
105
25
81
111
106
186
93
135
101
26
100
174
86
45
156
78
143
137
0
151
70
148
152
63
40
37
61
165
100
179
155
125
77
37
58
66
103
187
83
11
64
114
51
15
129
28
66
39
171
26
23
81
175
48
6
159
60
6
160
94
97
112
72
133
86
188
14
180
13
190
46
21
103
57
169
36
128
17
72
58
124
148
148
149
68
145
11
29
187
152
46
103
145
181
101
65
132
134
57
107
28
190
95
15
147
100
125
124
92
122
19
42
6
53
23
58
138
91
107
138
116
135
71
38
127
116
20
9
157
192
157
84
21
58
152
187
52
102
62
96
43
18
156
144
176
34
106
61
98
2
12
59
59
8
12
73
67
50
67
194
138
135
3
18
48
54
35
110
191
136
126
135
143
108
96
95
54
179
97
116
6
46
151
33
85
18
44
30
194
185
103
74
100
179
157
95
63
58
84
170
18
90
85
59
113
73
35
91
97
129
70
127
39
130
6
52
178
118
81
91
179
34
129
69
98
179
144
57
43
69
169
41
19
75
99
95
175
74
168
31
36
35
166
176
114
73
162
131
46
46
130
65
51
163
103
68
174
147
102
12
78
8
83
115
29
0
77
122
41
71
153
48
18
59
170
150
43
80
193
24
66
126
137
152
82
137
161
174
193
71
12
154
167
144
123
26
18
13
186
120
193
74
139
148
105
57
112
142
189
189
14
126
74
60
23
150
22
6
173
95
148
36
182
23
193
57
24
24
81
170
59
39
155
58
159
76
115
147
66
123
84
15
27
150
4
79
58
3
146
105
61
174
2
108
67
132
71
179
23
18
164
181
184
116
69
93
104
34
118
187
193
37
36
116
191
23
19
89
122
166
16
35
155
12
156
118
153
22
14
86
172
151
144
182
168
70
159
91
193
181
27
130
179
159
136
50
58
120
79
50
184
162
84
61
138
194
138
41
113
51
141
66
60
143
137
134
125
10
174
33
120
24
180
80
72
117
2
85
94
87
82
161
51
131
97
94
1
145
189
19
195
128
35
185
152
61
41
72
83
86
69
65
42
21
93
38
136
115
171
41
161
5
21
160
48
7
42
171
125
121
182
116
71
178
95
11
27
98
30
18
50
163
19
138
153
189
26
50
118
39
29
31
101
41
114
83
2
84
69
117
161
21
18
90
30
95
132
21
59
149
150
174
168
67
85
161
122
97
87
12
128
73
41
52
165
137
13
62
35
3
90
153
20
154
92
55
61
76
134
6
125
155
28
170
150
52
98
107
87
63
33
47
170
73
180
88
19
101
195
21
67
54
121
42
157
173
94
40
5
4
117
192
59
126
166
166
69
192
108
148
9
44
125
154
84
41
166
129
146
168
155
165
72
142
155
78
185
142
58
9
30
115
38
49
6
137
176
127
93
1
142
110
42
128
74
62
191
123
19
167
181
111
106
18
16
37
25
134
125
124
177
99
121
180
160
185
111
125
44
189
14
17
195
137
140
56
65
108
27
144
87
1
36
85
96
122
37
185
98
190
1
165
83
194
122
145
105
13
59
112
173
110
146
185
60
164
14
151
128
178
184
42
82
12
110
6
176
97
60
18
127
62
35
187
195
68
14
58
107
68
53
36
177
159
194
183
73
69
134
68
155
92
128
43
106
40
82
43
30
5
109
98
187
79
50
35
194
195
140
62
65
15
122
30
133
61
135
107
141
9
183
121
80
92
185
90
6
8
16
19
171
183
171
31
22
52
52
129
175
190
99
76
10
145
194
183
22
179
77
82
59
29
27
5
181
137
61
28
130
32
164
125
156
9
10
36
93
51
114
106
181
44
184
71
93
62
32
162
37
77
183
97
158
76
139
86
101
43
59
29
128
114
188
55
26
188
129
14
89
186
70
26
0
71
191
131
29
115
140
78
68
180
69
41
109
127
63
1
38
161
34
159
193
72
179
50
10
100
147
173
138
4
88
148
58
43
26
97
160
129
144
44
167
77
95
181
48
77
109
146
62
84
136
69
142
71
83
106
97
59
76
102
12
98
62
62
172
134
0
193
172
12
50
134
151
56
29
131
128
22
93
38
145
108
37
26
101
164
42
47
142
176
106
71
28
60
121
0
51
142
195
62
137
144
179
37
66
133
81
150
113
84
15
20
105
70
173
111
188
127
184
124
62
155
96
21
6
20
44
188
20
136
99
115
117
95
122
109
66
98
27
170
110
148
179
174
185
51
120
113
31
55
18
32
141
79
177
163
28
19
152
73
0
182
7
34
23
20
8
98
188
13
145
67
47
32
145
96
126
27
146
90
177
114
18
78
4
151
117
69
43
149
72
128
152
189
130
71
96
16
146
2
178
104
96
25
186
26
114
118
48
167
66
26
31
17
32
7
72
107
11
177
63
78
116
50
129
114
10
51
63
151
117
55
160
48
145
30
57
158
112
129
172
117
55
184
47
132
130
162
120
88
99
122
163
195
144
170
195
164
47
81
110
1
140
32
27
105
149
129
95
190
74
11
46
76
42
72
77
60
85
55
52
130
153
83
138
90
32
62
49
16
160
116
16
153
92
58
74
74
37
58
17
188
114
14
142
129
86
113
42
131
162
150
182
119
158
90
30
32
42
80
195
89
141
40
188
49
7
38
5
10
67
168
111
51
8
187
63
29
55
16
167
4
89
163
28
102
23
35
5
134
32
86
5
142
145
35
29
157
11
29
115
57
54
152
122
120
150
149
170
19
194
25
30
167
141
35
57
47
21
109
94
187
169
66
61
128
39
104
4
95
34
88
26
31
54
16
59
32
27
137
51
93
92
145
93
176
99
8
139
20
93
182
60
177
195
23
63
99
54
90
137
36
130
185
187
143
121
77
164
107
123
38
78
68
40
11
95
78
71
72
30
189
28
135
15
22
137
47
183
190
22
97
152
183
180
2
94
104
63
26
136
181
22
167
84
162
79
27
161
167
26
87
129
49
128
61
186
175
76
151
186
73
73
91
45
156
114
71
67
22
49
184
141
115
116
17
24
8
182
151
33
79
195
193
187
46
15
145
100
31
167
38
122
174
24
126
4
115
24
175
169
104
83
160
39
17
149
20
39
35
41
47
152
97
50
47
51
162
83
171
129
78
101
176
57
31
40
131
15
135
142
123
36
27
69
48
69
105
183
166
102
40
169
118
11
127
144
91
134
179
142
130
65
30
112
30
144
8
107
29
60
155
124
181
117
19
132
193
36
109
84
115
50
150
193
14
110
193
56
32
15
158
138
123
142
40
38
157
10
21
134
183
117
102
134
39
101
43
146
174
144
18
17
72
148
53
139
89
27
121
96
188
14
43
195
188
134
150
47
53
41
195
127
103
54
110
7
169
151
170
29
175
18
155
185
46
103
127
110
43
160
14
42
51
60
140
114
37
112
159
158
40
34
50
18
3
188
113
100
19
10
177
62
63
126
39
53
57
192
25
26
51
117
76
178
79
117
195
60
1
59
193
81
145
144
18
170
142
20
133
15
167
152
116
152
47
19
142
41
134
8
109
143
152
193
48
82
161
97
42
179
88
100
183
12
172
138
67
105
144
131
28
129
83
40
125
190
187
173
80
31
190
188
139
126
57
86
28
125
30
62
194
100
48
18
145
145
0
80
13
116
9
87
63
89
165
129
54
18
151
48
45
128
172
43
87
80
185
105
25
118
141
36
68
120
32
148
155
49
89
96
25
129
34
85
72
105
52
178
106
108
11
67
185
12
140
50
54
67
154
79
106
126
83
173
41
121
11
100
183
78
81
34
194
194
47
160
44
148
60
136
88
34
88
151
81
72
153
135
96
37
27
106
10
88
162
165
148
64
87
10
44
155
138
2
76
24
138
164
163
98
28
111
22
122
166
99
94
99
73
27
0
92
34
48
133
148
14
171
52
138
162
59
23
9
76
23
33
69
105
52
103
110
13
65
122
61
58
31
186
129
144
122
140
193
131
151
108
76
79
129
94
102
190
93
133
158
52
143
13
40
44
135
69
113
83
68
51
149
125
3
10
56
98
135
93
64
128
61
75
0
180
26
62
121
11
194
148
139
124
140
171
19
180
115
10
192
50
195
70
37
45
160
148
178
137
137
161
107
132
192
84
130
126
58
118
84
4
6
92
68
175
6
92
50
130
152
147
172
90
104
120
129
5
44
183
186
0
35
113
107
142
75
9
160
164
65
61
63
117
11
87
33
128
155
108
62
41
96
64
167
171
81
160
105
141
39
78
170
88
109
162
13
173
14
85
146
58
34
80
170
195
118
28
45
123
71
101
38
132
187
183
162
8
174
60
89
20
39
148
124
136
51
158
38
183
191
94
68
7
117
36
141
162
116
159
2
144
182
147
47
154
75
62
94
98
33
125
92
107
181
112
147
190
189
192
143
146
17
89
40
193
94
110
144
124
142
95
19
108
116
70
79
24
102
79
168
120
163
85
143
96
136
36
14
191
6
60
194
57
117
149
159
136
36
142
149
33
11
108
9
192
77
140
23
28
34
185
48
172
138
8
28
68
55
184
167
154
174
71
122
166
159
176
168
175
144
179
28
42
13
1
111
35
37
45
57
74
63
150
1
102
181
39
0
18
103
117
10
75
19
126
115
36
79
47
182
121
164
91
59
75
164
163
46
51
83
67
124
155
103
29
79
101
194
17
71
143
16
5
73
180
63
33
